	WT	pH	NH4+-N	TN	NO3-	TP	NO2-	PO43-	COD	SD
P1_4	17.9	8.44	0.281	1.507	0.45	0.06204	0.23	0.031	4.723809524	0.906865565
P1_4D	23.1	9.6	0.20136	1.487	0.3	0.075	0.011	0.008	4.697247706	0.935478743
P1_5	24.3	8.92	0.1364	0.644	0	0.057	0	0.007	4.452830189	1.001869682
P1_5D	24.9	7.53	0.1364	1.017	0.05	0.081	0.005	0.006	5.257142857	0.89852357
P1_6	29.8	7.23	0.0746	0.504	0	0.061	0	0.004	4.428571429	0.91238489
P1_6D	30.3	7.88	0.15588	0.796	0	0.058	0	0	5.777777778	1.10805181
P1_7	32.8	6.25	0.14996	0.777	0	0.08	0	0.004	5.561904762	0.837534186
P1_7D	32.2	8.62	0.31472	0.607	0	0.073	0	0.009	4.530973451	1.038197086
P1_8	29.1	8.33	0.34412	0.547	0.1	0.062	0.002	0.012	4.814159292	0.886528204
P1_8D	27.9	7.27	0.18892	1.071	0	0.08	0.002	0.009	4.3852	0.712613172
P1_9	30.7	7.69	0.45176	1.274	0.1	0.106	0	0.014	25.40740741	0.939957785
P1_9D	31.8	9.09	0.12704	0.718	0.023	0.088	0	0.01648	4.666666667	1.24928963
P1_10	27.2	8.62	0.1328	0.669	0.051	0.054	0	0.01524	5.333333333	1.159223975
P1_10D	22.4	7.77	0.25564	1.13	0.014	0.03	0	0.011	4.1	1.078504651
P1_11	19.1	8.54	0.2	0.86	0.16	0.077	0.006	0.021	4.5	1.017663386
P1_11D	15.3	8.75	0.094	0.7	0.223	0.028	0.008	0	4.6	0.97955482
P1_12	13.8	8.83	0.079	0.77	0.234	0.031	0.006	0.004	4.4	0.891596147
P1_12D	12.3	8.79	0.222	0.76	0.279	0.025	0.004	0.008	4.2	0.960264528
P1_1	9.9	8.36	0.333	0.81	0.304	0.025	0.004	0.005	4.4	0.904452529
P1_1D	9.5	8.9	0.282	0.945	0.377	0.051	0.002	0.005	4.3	0.98747083
P1_2	8.2	8.62	0.232	1	0.563	0.044	0.006	0.002	4.1	0.864700933
P1_2D	12.7	9.31	0.156	0.94	0.543	0.037	0.005	0.013	5	1.029974541
P1_3	17.8	6.4	0.168	0.59	0.403	0.041	0.004	0.004	4.4	0.905053527
P2_4	20.2	7.98	0.27504	1.457	0.4	0.02292	0.018	0.01	5.561904762	0.959132184
P2_4D	23.1	8.26	0.1364	1.153	0.4	0.027	0.003	0.002	2.788990826	0.952447626
P2_5	26.2	8.71	0.1364	0.704	0.15	0.02	0.003	0.002	3.094339623	1.108751375
P2_5D	22.7	8.11	0.1364	0.755	0.4	0.052	0.004	0.001	3.733333333	0.741337604
P2_6	29.7	7.16	0.09204	0.463	0.4	0.035	0	0.004	2.142857143	0.842124801
P2_6D	28.4	8.2	0.0804	0.837	0.15	0.032	0.002	0.002	2	0.817894364
P2_7	28.4	7.48	0.19116	0.327	0.2	0.022	0.001	0.002	2.438095238	0.916766829
P2_7D	32.8	8.4	0.40884	0.297	0.1	0.024	0.002	0.006	2.896551724	1.072403059
P2_8	29.1	8.28	0.22644	0.597	0.2	0.035	0	0.008	2.407079646	0.911765353
P2_8D	28.8	8.04	0.1714	0.684	0.2	0.061	0.002	0.004	2.5804	0.703317254
P2_9	30.8	8.77	0.16556	0.206	0	0.051	0	0.006	3.555555556	0.952447626
P2_9D	30.5	8.9	0.29984	0.461	0.039	0.027	0	0.03	2.740740741	1.224274603
P2_10	28.6	9.32	0.22496	0.195	0.055	0.04	0	0.0446	4.571428571	1.095794932
P2_10D	21.9	8.45	0.2078	0.54	0.062	0.024	0	0.024	3.8	1.05892932
P2_11	17.4	8.69	0.125	0.76	0.06	0.07	0.001	0.01	4.7	1.028966171
P2_11D	15.5	9.58	0.067	0.6	0.035	0.051	0.001	0.004	5.8	0.972287938
P2_12	13.9	9.06	0.091	0.47	0.083	0.023	0.002	0.006	5.3	0.969127237
P2_12D	12	8.79	0.123	0.79	0.148	0.027	0	0.011	6.4	0.960643161
P2_1	9.7	8.27	0.424	0.77	0.115	0.027	0	0.008	5.2	0.958755916
P2_1D	10.3	8.9	0.378	0.711	0.184	0.038	0.006	0.004	4.4	0.954655275
P2_2	9.2	8.91	0.215	1.21	0.901	0.042	0.002	0.001	3.2	0.814151407
P2_2D	13.4	9	0.139	0.92	0.77	0.022	0.002	0.012	3.3	0.970702406
P2_3	17.1	6.44	0.171	0.97	0.856	0.022	0.003	0.001	2.9	0.899992192
C1_4	17.4	8.35	0.26904	5.103	0.7	0.10788	0.028	0.012	3.228070175	0.839589148
C1_4D	23.6	9.02	0.14232	1.771	0.6	0.123	0.038	0.011	4.403669725	0.765377452
C1_5	25	8.91	0.18364	1.198	0	0.149	0.007	0.022	11.24528302	0.940654317
C1_5D	24.3	7.46	0.13048	2.53	1.3	0.218	0.065	0.002	5.638095238	0.790208218
C1_6	29.7	8.08	0.0572	1.614	1.1	0.09	0.033	0.01	3	0.770487184
C1_6D	29.8	7.48	0.063	1.27	0.05	0.113	0	0.02	11.62962963	0.705936845
C1_7	31.9	7.03	0.06172	2.156	0.5	0.24	0.021	0.004	7.00952381	0.844453321
C1_7D	32.6	8.74	0.13232	2.546	0.1	0.343	0	0.047	11.32743363	0.650845894
C1_8	29.2	8.74	0.12644	1.017	0.45	1.124	0	0.023	58.46153846	0.444708961
C1_8D	27.9	8.68	0.03124	5.16	0.65	0.562	0.023	0.08	23.6583	0.363428311
C1_9	31.8	9.51	0.18892	3.583	0.05	0.468	0	0.139	26.51851852	0.493417326
C1_9D	29.7	8.01	0.88164	1.527	0.258	0.225	0.01392	0.04484	3.407407407	0.314922198
C1_10	27.5	8.37	0.12128	1.32	0.226	0.185	0.615	0.01924	5.79047619	0.573984264
C1_10D	19.6	8.11	0.12404	0.91	0.27	0.097	0.009	0.019	2.7	0.894458414
C1_11	16.6	8.35	0.089	2.55	1.65	0.118	0.07	0.066	3.2	0.936848064
C1_11D	13.5	9.05	0.112	2.2	1.33	0.114	0.045	0.004	4.2	1.070602303
C1_12	12	8.87	0.064	1.66	0.872	0.111	0.025	0.037	4.5	1.014799986
C1_12D	10.5	8.74	0.05	1.83	0.983	0.149	0.023	0.007	3.6	0.930077956
C1_1	9.2	8.3	0.126	1.57	0.9	0.108	0.015	0.008	3.6	0.916766829
C1_1D	9.9	8.81	0.104	1.91	1.23	0.119	0.021	0.025	2.4	0.917399376
C1_2	8.6	8.49	0.145	3.2	2.62	0.138	0.039	0.064	3	0.87167196
C1_2D	12.3	9.33	0.081	2	1.55	0.111	0.021	0.019	3	0.972685956
C1_3	17.9	6.47	0.616	4.3	2.66	0.177	0.041	0.018	11.3	0.942756075
C10_4	20.3	7.43	0.21524	0.857	0.3	0.02292	0.004	0.012	2.133333333	0.963693835
C10_4D	25.1	8.99	0.40804	1.072	0.45	0.032	0.013	0.006	2.575393154	1.114422225
C10_5	28.1	8.8	0.09504	0.734	0	0.043	0.005	0.008	4.581818182	0.984524069
C10_5D	24.4	8.22	0.1246	1.793	2.2	0.132	0.081	0.01	3.733333333	0.755471948
C10_6	29.7	7.03	0.05136	1.876	1.3	0.055	0.056	0.008	3.580952381	1.020561216
C10_6D	30.7	7.93	0.0572	1.805	0.45	0.096	0.04	0.008	6.205607477	0.899109945
C10_7	29.5	7.54	0.0676	1.936	1.05	0.112	0.031	0.006	6.13592233	1.044553499
C10_7D	35.8	8.75	0.12056	1.087	0.3	0.101	0.019	0.012	5.621621622	0.844453321
C10_8	30.9	9.07	0.0676	0.857	0.4	0.148	0.02	0.059	5.647058824	0.811688013
C10_8D	31.3	8.23	0.00788	1.579	1.1	0.124	0.019	0.064	6.1032	0.854242681
C10_9	34.9	8.98	0.14804	1.01	0	0.122	0	0.035	6.592592593	0.938225211
C10_9D	30.6	9.4	0.657	1.399	0.139	0.13	0.00012	0.23384	4.038095238	1.039770541
C10_10	29.6	9.08	0.06944	1.27	0.051	0.197	0	0.01524	6.280373832	0.99609429
C10_10D	20.7	8.49	0.18388	0.83	0.122	0.134	0	0.035	4	0.988744842
C10_11	17.9	9.19	0.053	1.66	0.67	0.095	0.01	0.015	7.4	1.011034284
C10_11D	14.4	9.79	0.07	1.35	0.68	0.08	0.01	0.005	6.8	0.977920916
C10_12	13.7	9.23	0.117	1.17	0.354	0.063	0.011	0.008	7	0.951351339
C10_12D	11.4	9.57	0.112	1.13	0.226	0.12	0.009	0.009	7.3	0.933777959
C10_1	10	8.37	0.196	0.99	0.069	0.065	0	0.01	6.2	0.93926326
C10_1D	11	8.59	0.098	1.13	0.699	0.129	0.022	0.018	3.3	0.790582151
C10_2	9.5	8.67	0.346	4.2	3.15	0.101	0.026	0.036	3.2	0.921874305
C10_2D	14	8.87	0.15	2.98	2.58	0.038	0.03	0.005	3.2	1.144969386
C10_3	17.9	6.22	0.509	3.21	1.65	0.06	0.033	0.008	6	0.984524069
C3_4	17.2	7.53	3.22332	4.931	0.15	0.65528	0.025	0.581	3.563636364	0.933100993
C3_4D	21.11	7.91	0.4612	2.298	1.1	0.346	0.065	0.253	2.716981132	0.994780936
C3_5	22.6	7.78	1.53004	2.227	0.3	0.101	0.059	0.601	3.657142857	1.011034284
C3_5D	22.4	7.07	0.51432	2.086	0.85	0.555	0.055	0.313	4.504854369	0.786500453
C3_6	27.1	8.14	0.19656	1.493	0.75	0.355	0.036	0.251	3.407407407	0.781043616
C3_6D	29.7	7.59	0.12104	0.947	0.05	0.543	0	0.211	6.296296296	0.894746519
C3_7	31.8	7.3	0.0676	1.766	0.65	0.229	0.031	0.046	5.660377358	0.775707604
C3_7D	31.3	7.05	0.19116	1.287	0.35	0.186	0.015	0.042	2.275862069	0.875367542
C3_8	28.7	7.78	0.18528	1.317	0.9	0.143	0.034	0.024	4.392156863	0.950623242
C3_8D	27.6	7.34	0.04876	2.19	1.15	0.147	0.031	0.036	4.3563	0.844453321
C3_9	30.5	7.81	0.14804	1.559	0.55	0.119	0.015	0.022	2.636678201	0.984524069
C3_9D	29	8.43	0.66852	1.418	0.545	0.099	0.029	0.08804	2.392523364	1.09645976
C3_10	26.5	8.09	0.10976	1.221	0.649	0.105	0.788	0.01924	2.841121495	1.078504651
C3_10D	19.8	8.2	0.09192	1.72	0.811	0.091	0.025	0.019	2.4	0.936505004
C3_11	16.7	8.47	0.642	2.38	1.29	0.095	0.058	0.04	2.8	1.036633838
C3_11D	13.1	9.21	0.076	2.31	1.43	0.099	0.026	0.015	4.3	1.060071502
C3_12	11.6	8.99	0.085	2.03	1.02	0.119	0.028	0.038	5.8	0.927092371
C3_12D	10.3	8.64	0.464	2.5	1.36	0.149	0.041	0.068	5.8	0.942404507
C3_1	8.6	8.23	0.593	3.28	1.67	0.174	0.051	0.047	5.3	0.912074922
C3_1D	9.6	8.92	0.114	2.76	1.74	0.119	0.041	0.015	4.8	0.876433915
C3_2	7.9	9.32	0.148	3	1.83	0.189	0.039	0.006	6.3	0.853755812
C3_2D	11.4	10.21	0.156	2.38	1.78	0.182	0.033	0.014	10.1	0.887645239
C3_3	16.7	6.33	1.32	2.18	0.613	0.389	0.052	0.038	8.5	0.881019392
C6_4	23.3	7.83	0.20924	3.513	2.3	0.08496	0.089	0.093	2.836363636	0.737390891
C6_4D	25.1	8.81	0.16592	2.358	1.5	0.093	0.073	0.041	3.018867925	0.743108157
C6_5	26.3	8.96	0.09504	1.027	0.3	0.084	0.044	0.013	4.647619048	0.600286993
C6_5D	24.8	8.31	0.06552	3.81	2.9	0.212	0.064	0.02	5.203883495	0.330350674
C6_6	29.7	7.39	0.09204	2.723	1.5	0.165	0.051	0.023	9.873873874	0.302018059
C6_6D	26.8	7.58	0.20236	6.174	0.4	0.647	0.107	0.034	3.588785047	0.317352756
C6_7	30.5	6.81	0.10876	2.566	1.35	0.076	0.032	0.003	6.641509434	0.436921016
C6_7D	31.9	9.3	0.097	1.846	0.05	0.203	0	0.008	11.11504425	0.445730895
C6_8	28.5	8.73	0.42064	2.226	0.3	0.25	0.006	0.05	4.31372549	0.458930023
C6_8D	30.8	8.45	0.58608	9.147	1.05	0.849	0.016	0.042	5.1942	0.24132
C6_9	33.6	9.14	0.10132	1.65	0	0.207	0	0.034	4.899653979	0.419902182
C6_9D	31.2	9.47	0.09248	0.866	0.059	0.095	0	0.003	4.112149533	0.600048196
C6_10	27.3	9.15	0.104	1.566	0.075	0.141	0	0.03928	6.736448598	0.439056226
C6_10D	20.2	8.19	0.2018	0.97	0.094	0.113	0.003	0.03	2.7	0.600306613
C6_11	16.4	8.49	0.083	1.25	0.41	0.086	0.014	0.014	4.9	0.657976721
C6_11D	13.8	9.48	0.067	0.96	0.234	0.072	0.01	0.004	5.1	0.61145618
C6_12	12.8	9.04	0.147	0.9	0.199	0.049	0.008	0.013	4.3	0.668735048
C6_12D	10.9	8.58	0.47	1.31	0.394	0.103	0.013	0.009	4.6	0.703027348
C6_1	9.8	8.39	0.155	1.3	0.345	0.067	0.018	0.007	5.9	0.697938619
C6_1D	10.4	9.08	0.104	1.54	0.612	0.151	0.01	0.003	5	0.711496597
C6_2	9.3	8.83	0.183	3.35	2.86	0.107	0.041	0.047	3.3	0.716162431
C6_2D	13.3	9.75	0.116	2.33	1.65	0.092	0.034	0.013	5.7	0.721837729
C6_3	18.1	7.06	0.697	3.04	1.84	0.17	0.058	0.014	22.1	0.336505004
N2_4	18.3	7.69	1.54884	3.523	0.75	0.29124	0.118	0.128	10.39252336	0.826426229
N2_4D	23.7	8.65	0.1246	1.224	0.05	0.269	0.011	0.095	5.565217391	1.034565156
N2_5	23.8	7.83	0.2368	2.58	0.1	0.975	0.001	0.688	16.65672749	0.873248847
N2_5D	22.2	6.94	3.52012	3.841	0.1	0.416	0.021	0.145	3.733333333	1.010567682
N2_6	26	7.91	3.216	3.753	0.2	0.71	0.087	0.589	4.114285714	1.023986655
N2_6D	31	7.52	1.71788	2.078	0	0.444	0.014	0.237	2.841121495	1.207873718
N2_7	33.8	6.53	2.75656	3.206	0.4	0.676	0.098	0.495	3.961165049	0.998742669
N2_7D	28.7	6.43	1.76804	2.126	0.05	0.562	0.014	0.262	9.657657658	0.837534186
N2_8	27.8	6.81	0.85604	1.077	0	0.675	0.01	0.197	5.254901961	0.921874305
N2_8D	26.7	6.9	0.22396	1.071	0.25	0.467	0.053	0.346	6.8753	0.749087468
N2_9	28.6	7.46	1.59644	2.647	0.05	0.795	0.019	0.483	7.259259259	0.916766829
N2_9D	28.2	7.67	2.65584	3.721	0.143	1.106	0	1.426	6.476190476	1.120229735
N2_10	23.9	7.57	2.32172	3.293	0.095	0.929	1.29	1.12784	11.51401869	0.919626454
N2_10D	19.3	7.51	0.70436	1	0.054	0.232	0.005	0.165	2.1	1.02300298
N2_11	17.1	7.93	0.08	1.55	1.08	0.125	0.013	0.092	3.4	0.75938543
N2_11D	14.8	8.4	0.079	0.95	0.573	0.059	0.004	0.039	3.4	0.945943483
N2_12	9.6	8.66	0.12	1.2	0.848	0.107	0.006	0.094	3.8	1.100487709
N2_12D	9.6	8.65	0.91	2.45	1.56	0.313	0.052	0.293	4.8	1.032004026
N2_1	8	8.06	0.84	1.85	0.065	1	0	0.782	7.5	1.015274863
N2_1D	11.3	8.77	3.32	7.13	2.89	0.647	0.001	0.437	7	0.743636509
N2_2	8.9	8.67	1.98	4.52	1.94	0.44	0.12	0.381	3.3	0.931081428
N2_2D	11.5	8.89	2.34	3.16	0.621	0.94	0.062	0.853	4.3	1.251813213
N2_3	16.3	5.63	0.78	1.58	0.556	0.565	0.027	0.467	4.4	1.118764685
N3_4	20	7.81	0.49032	1.953	0.1	0.13348	0	0.013	12.11214953	0.608659134
N3_4D	25	8.84	0.16	1.477	1.15	0.112	0	0.007	7.1933395	0.749087468
N3_5	25.8	7.97	0.30764	1.38	0.05	0.133	0	0.008	10.98181818	0.797799397
N3_5D	26.2	6.89	0.31356	1.531	0.1	0.166	0.002	0.01	7.39047619	0.711263028
N3_6	29	8.38	0.19072	1.25	0.05	0.173	0.012	0.009	6.933333333	0.79397392
N3_6D	30.2	8.19	0.34172	1.906	0.15	0.19	0.008	0.01	5.906542056	0.745957554
N3_7	32.5	7.84	0.21468	1.796	0.05	0.163	0.007	0.016	13.3592233	0.48537431
N3_7D	33.9	7.78	0.32648	1.826	0.2	0.237	0	0.009	13.26126126	0.465638209
N3_8	30.6	8.77	0.30296	0.877	0.05	0.201	0	0.018	12	0.531113506
N3_8D	29.9	7.5	0.70288	14.721	0.55	1.485	0.009	0.065	9.4538	0.348332003
N3_9	33.3	8.05	0.76712	2.566	0.05	0.451	0	0.197	7.185185185	0.365023288
N3_9D	31.5	9.75	0.39776	2.001	0.095	0.267	0	0.09884	1.295238095	0.579999936
N3_10	27.7	7.83	0.29408	2.287	0.115	0.346	0	0.03792	12.78504673	0.674613314
N3_10D	20.2	8.07	0.4172	2.3	0.126	0.363	0	0.097	6.9	0.590453818
N3_11	17.1	8.33	0.451	2.87	0.17	0.514	0.002	0.012	14.2	0.632007396
N3_11D	13	9.02	0.085	1.57	0.151	0.17	0.001	0.005	10.7	0.798185306
N3_12	11.5	8.94	0.253	1.58	0.183	0.134	0.003	0.006	9.7	0.760043901
N3_12D	10.2	8.73	0.601	1.98	0.226	0.173	0.002	0.014	10.1	0.681653736
N3_1	7.9	8.25	0.727	2.01	0.403	0.242	0.003	0.014	9.3	0.708985002
N3_1D	9.1	8.99	0.608	2.23	0.736	0.235	0.155	0.017	12.2	0.700854742
N3_2	9	9.16	0.197	2.9	0.551	0.201	0.009	0.013	14.2	0.787052994
N3_2D	12.8	9.09	0.243	1.45	0.473	0.114	0.007	0.021	9.8	0.978736483
N3_3	18.5	5.98	0.286	1.51	0.169	0.093	0.001	0.015	10	0.981199878
N4_4	19.2	7.76	1.7342	4.029	0.2	0.09844	0.121	0.007	10.1682243	0.74751743
N4_4D	25.2	8.44	0.20136	3.067	1.05	0.145	0.068	0.008	6.519888992	0.824264779
N4_5	26.5	8.34	0.23088	1.925	0.2	0.16	0.015	0.006	6.109090909	0.736804555
N4_5D	24.8	6.9	1.34108	4.476	1.8	0.232	0.215	0.005	6.019047619	0.65829461
N4_6	30.6	7.12	0.2604	2.31	0.45	0.154	0.061	0.01	6.247619048	0.773954869
N4_6D	28.8	7.96	0.15588	1.967	0.45	0.148	0.021	0.006	3.289719626	0.758728754
N4_7	33.2	6.74	0.12056	1.796	0.55	0	0.018	0.007	6.601941748	0.824264779
N4_7D	32.9	7.72	0.22056	1.087	0.05	0.149	0	0.007	11.17117117	0.775707604
N4_8	29.9	7.67	0.20292	0.797	0.35	0.109	0.023	0.012	5.882352941	0.866745484
N4_8D	28.7	7.34	0.07212	1.681	0.6	0.124	0.036	0.053	7.3846	0.50061189
N4_9	32.7	7.95	0.113	0.938	0	0.101	0	0.039	6.296296296	0.86292607
N4_9D	31	9.66	0.536	1.635	0.043	0.101	0	0.00432	5.714285714	0.979145305
N4_10	28.5	8.54	0.17888	0.925	0.043	0.174	0	0.01256	7.327102804	0.908386075
N4_10D	20.7	8.59	0.3454	0.67	0.094	0.109	0	0.028	3.9	0.868548806
N4_11	18.4	8.89	0.098	1.28	0.06	0.169	0.001	0.021	7.7	0.872985315
N4_11D	14.2	9.48	0.062	0.56	0.067	0.085	0.001	0.005	6	0.920587253
N4_12	13.4	8.73	0.126	0.82	0.051	0.076	0.001	0.006	5.8	0.930077956
N4_12D	11	8.66	0.109	0.79	0.086	0.084	0	0.008	7.2	0.902658476
N4_1	9.2	8.11	0.115	0.9	0.078	0.106	0	0.014	7.7	0.893596159
N4_1D	10.3	8.86	0.29	1.14	0.134	0.088	0.014	0.007	6	0.890177662
N4_2	8.8	8.96	0.098	1.51	1.13	0.063	0.016	0.003	3.6	0.73710412
N4_2D	13.9	8.51	0.185	1.49	1.1	0.043	0.02	0.008	3.9	0.839589148
N4_3	16.6	5.92	0.159	1.82	1.19	0.103	0.022	0.067	3.7	0.752099017
N7_4	21.4	7.32	0.1614	2.723	1.25	0.08224	0.043	0.013	4.186915888	0.926762911
N7_4D	25.2	8.78	0.1364	1.822	0.85	0.085	0.038	0.006	5.384615385	0.851576993
N7_5	27.1	8.92	0.16592	1.098	0.25	0.076	0.027	0.006	3.352380952	0.849178963
N7_5D	24.7	7.58	0.19544	1.985	0.95	0.192	0.049	0.006	5.333333333	0.708585223
N7_6	30.1	8.37	0.13848	1.23	0.3	0.124	0.025	0.003	5.615384615	0.839818563
N7_6D	32.5	7.95	0.15588	1.139	0.05	0.096	0.002	0	6.37037037	0.966395224
N7_7	30.8	7.55	0.23824	0.477	0	0.058	0.005	0.014	5.825242718	1.018625463
N7_7D	32.6	8.28	0.53244	0.567	0.05	0.074	0	0.004	11.39823009	1.036633838
N7_8	32.2	8.62	0.2088	0.697	0.3	0.073	0.008	0.009	5.076923077	1.020075819
N7_8D	28.7	8.19	0.17724	0.918	0.1	0.099	0.012	0.036	5.3419	0.856200052
N7_9	33.9	7.67	0.29988	0.562	0	0.069	0	0.011	5.555555556	1.073611082
N7_9D	31	8.39	0.4784	0.905	0.059	0.06	0.00512	0.01244	4.905660377	1.067630626
N7_10	30.8	8.54	0.31712	0.817	0.091	0.126	0.223	0.01256	5.682242991	1.018625463
N7_10D	22.3	7.93	1.11712	1.41	0.13	0.214	0.008	0.161	3.1	0.953917143
N7_11	19.1	8.82	0.167	1.25	0.35	0.162	0.023	0.081	5.7	0.966783621
N7_11D	15.2	9.33	0.1	1.08	0.278	0.175	0.013	0.065	8.3	0.98536233
N7_12	15.6	9.24	0.003	0.66	0.127	0.141	0.008	0.069	6.3	0.908386075
N7_12D	12.4	9.19	0.112	1.07	0.106	0.052	0.002	0.039	8.6	0.879661642
N7_1	10.6	8.32	0.155	0.85	0.16	0.107	0.004	0.02	6.1	0.915192689
N7_1D	11.1	8.84	0.235	1.31	0.287	0.174	0.014	0.012	7.2	0.805637486
N7_2	10.8	8.53	1.55	5.05	2.8	0.234	0.117	0.027	5.1	0.465346853
N7_2D	19.1	8.15	1.32	3.29	1.75	0.072	0.074	0.009	14.4	0.774829643
N7_3	18.8	5.87	0.422	2.57	1.81	0.081	0.07	0.005	3.8	0.988319423
